# Dimensions (rows x cols): 35 x 35
# Description: BabyMEG outer layer layout
0.1690308509457018 6.636305144719357e-7 -0.08580363721287303 0.2690248529640342 -0.19866495434479947 2.5649335547994756e-6 -0.1233366933423766 -7.196735704595447e-8 8.435660731886951e-6 -0.19330692226666554 -0.15353862287954012 1.1764952471265966e-6 -0.03836176601222675 -0.1930093310756003 -4.824415229004453e-6 9.942036274801502e-7 -0.047115199883746156 0.1655043708047046 -1.4929171328198487e-6 0.011021316891677364 3.007644317046948e-6 -0.016048494655204942 0.25646582082440966 0.00001927972340334816 -0.29261729475396614 -0.037815197767913755 8.843862845126643e-6 -0.00001796154290500951 -0.26237860937726837 -0.20501498791349887 0.0000339023770726532 -0.00007652633701887845 0.4690234864298692 0.2624984549177075 0.393400587619108
0.16903085094570344 -2.0283143793882463e-8 0.17228283151165918 0.1011138647104657 -0.11533744414555624 5.936997588343318e-7 0.306217239562861 1.5079624381825196e-6 -0.000013418098190503755 0.2829727065420934 0.15961847938863852 7.445564960878448e-6 -0.2757105899059326 -0.1460147944666892 1.2746000714741745e-6 -9.130781751520711e-7 0.14408222268850432 0.12884013457435564 -0.000010067472267484556 -0.2302480105020962 -4.462699272084897e-6 -0.15728306441515305 -0.06843624796605528 -0.000016218550850988223 0.2984113398374051 -0.2874678160844211 -0.00008781826595967435 -0.0000396946145768684 -0.5106029486981253 0.034726317383127994 -2.0310896789513255e-6 0.000029634215156781885 -0.15621519001044573 -0.11179240433738806 0.17680215896007317
0.1690308509457027 2.711262709828577e-7 0.028420041386248457 0.29510116125629127 -0.16549048825434148 2.2074321998910573e-6 0.15831117489540283 8.533176471120507e-7 -6.492876740135656e-6 0.11716374088793752 -0.2849748382273174 5.836036486538132e-6 -0.057545181613062296 -0.25809679254240303 -2.893812474216717e-6 5.085766676141135e-6 0.1338555258653938 -0.43183040736644884 1.4214602606088533e-6 -0.1358534655343018 3.889781347105048e-6 -0.34065688569559255 0.2207434510115758 0.000024441550688147906 -0.017065778574275714 0.32737894460022154 0.0000807994624565378 7.857693680033556e-6 0.16273429244628235 -0.1528018100468997 -0.000013835365506364994 0.000050896677556228065 -0.23254631522486904 0.1440696048974126 -0.21555645652021116
0.16903085094570156 0.10031297441848475 -0.04057705573445547 0.2844147632800628 -0.1383523122752104 -0.04692724350277286 -0.046049516404158164 0.34314736856370337 0.040101394522768535 -0.04291845776829454 -0.21434589735346682 0.05366705941179653 0.13934528025460197 -0.056975415148475594 -0.200791881388752 0.3593726968972609 -0.06032067002901165 -0.016025247766319056 0.12580176737035847 -0.061819496176732644 -0.18164959267804331 0.311967289227376 -0.09576279392894349 0.0464139930219164 0.04513563774033759 0.0027634906811249624 -0.038673345750308646 -0.29894027521298505 0.06367278397727551 0.26591044286973414 -0.1984495994946427 -0.12168781677778723 -0.12476573402372453 -0.2670657062523741 0.1388250409181047
0.1690308509457039 4.8233681379517e-7 0.36493212859820573 -0.3037291955377528 -0.2974946580533673 2.3473108145266597e-6 -0.5019655456850138 -3.139535291463158e-7 -8.214544500818877e-6 0.20286450070041626 -0.36743412703744344 0.000010892110417395906 -0.15072801985292567 0.293549524540449 2.716515431162858e-6 2.330235527231439e-6 0.27748930007066236 -0.02984581782275363 3.6757749356242098e-6 0.09948232667036876 5.470175676973443e-6 -0.03781123221935819 -0.04173117107311552 -4.330501318573765e-6 -0.09994508519108336 -0.06916000770640929 -0.000014622095808713986 -4.985172985825514e-6 -0.06755505756474856 0.04248560964286552 -4.412687838899199e-6 0.0000162859678131122 -0.07925976944699896 0.03657997510462081 0.027514754376158832
0.16903085094570408 3.4964367625137105e-9 0.28122091560000156 -0.11777931542886153 -0.1687246804208066 3.692067570282287e-7 0.017084013298475656 6.779087151631558e-7 -8.88142678029391e-6 0.17325618346372496 0.1606930372568731 4.0734194697716886e-6 -0.17041165232080369 -0.11634369101544369 5.421345995598736e-7 -4.804094803995129e-6 -0.04840137466331329 0.3577240529958285 -0.000015463877155286188 -0.33721371383347554 -0.00001884105165989025 0.2735205286866826 0.19040891143490662 0.000021762670793179506 0.19425691710407142 0.2875751356934936 0.00007023915921636203 0.000029666462265987015 0.38729937993158353 -0.11002852847421224 0.000013517670264202863 -0.000060754449129785115 0.3008747149352221 -0.07082988771723178 -0.1346086558784815
0.16903085094570225 5.861416990313173e-7 -0.1814455466836353 0.04324994382348188 -0.20101534977194008 1.7383763200040647e-6 -0.12550903537229638 -1.732778247109934e-6 0.00001598785712032813 -0.3139864671888032 0.2234230959064428 0.000012335836875682071 -0.39498650803692076 0.04524740218716561 -1.0812095419254764e-6 -4.5226602027742535e-6 -0.04879662116715003 0.12020994319504295 0.000012355813706316221 0.30845618348097625 0.00001954465999762147 -0.3426967544607878 0.23558030711754663 8.272941447829557e-6 0.18238863798468385 -0.13644896348383556 -0.00003422266543613543 0.00003826123697577011 0.36214155882843535 0.13195318164222952 -0.00001252979485970307 0.000025747537169086565 -0.17584606331148037 -0.17713394121197445 0.1620263020738259
0.16903085094570405 -0.22195056652739667 -0.1502931745305119 -0.12721906028969998 0.12938317170744398 0.23903105961670573 -0.08064568127584792 0.20553165512623484 -0.09944825857869116 0.18563305589221446 0.039326266823653686 0.04289559525174569 0.04887620750438291 -0.3038071175294925 -0.10673773246407495 0.006950320590488009 0.1697805112066521 -0.07684165589346276 -0.3425252776110395 0.27927574456807497 0.39413642986036196 0.2670187603343181 0.20602877126046826 0.10803769646333658 0.083018855592372 -0.15804306224734133 0.11941227633281215 -0.17121103992938683 0.00028810253336288005 -0.12303032065398317 -0.014182219398580255 -0.008211091591528913 -0.05504660717561602 0.0009862021382009006 -0.04707771494293949
0.16903085094570322 1.2588411997874194e-6 -0.2576499939629523 -0.242380571969335 -0.19735331009857945 -1.0003812550285485e-6 0.17053274418074613 -2.329185713981219e-6 0.00001251401207691405 -0.1612511993506781 0.04504060548532407 0.000021254275611762644 -0.30928625924797176 0.2869776969981823 -5.843944092809306e-7 -3.688871129069876e-6 -0.19096443357883355 -0.44850917222002545 4.475931111996845e-7 -0.3213729305398706 -0.00001798798558874659 0.3367014435989055 0.11032575386512691 7.538768603682078e-7 -0.14346342967064768 -0.23487986604391226 -0.00004550148559867573 -2.297389721744522e-6 -0.05322618644650778 -0.1425672862219144 4.308685231532716e-6 1.0248571646470639e-6 -0.0013160279604699648 0.0024581154050770312 -0.08281027030744689
0.16903085094570405 -0.285264865775353 0.0001032451672635503 -0.041040633115544636 0.34141803207795673 -0.024929419238042573 -0.06156225917555372 0.24009952396574416 0.3091056635505749 -0.026785068704405238 -0.22524064122290222 0.0007588555333877776 -0.3004611764658028 -0.14751521647657742 0.008189383855535332 -0.33266926007670233 -0.19307211405844524 0.04776677749578649 -0.08510254282773949 -0.03290908545513194 -0.25500235953015526 -0.01698156084562491 -0.3175426585006954 -0.07280425456009011 -0.005252082906246902 0.00758680600794287 -0.1497682748107695 -0.15466039819679958 0.09312484727454659 -0.1560998338273379 0.17122946100663483 -0.029007613337448418 -0.0506642107918957 0.033290528284371596 0.08560472662571167
0.16903085094570391 -0.09317039832017113 -0.2602911593158565 -0.3145746155186157 -0.12844131804309125 0.18705104582568155 0.25919750286539667 0.18029596569439355 -0.32121484816576573 0.06958483815295874 -0.2602934892565364 -0.3976478183004985 0.22364717422970182 0.012565515645125369 -0.027327864273762492 -0.14676209695991577 -0.05697342213051769 0.2460925572459671 0.32022470629396455 -0.014032434281881391 0.01357579408306093 -0.17485028638583333 -0.006813500911111291 -0.18865545496261277 -0.014212699295079168 -0.02008739794435986 -0.000890342117853507 -0.0331698505573204 0.045470255329062424 0.014546963541526736 -0.010050878227888915 0.02692644356719357 -0.01278112081758273 -0.023388238037514275 0.006316626944896785
0.16903085094570275 -0.10031256582869 -0.040576627555115 0.28441498352340144 -0.13835236257380876 0.04693169682964861 -0.04604745442411903 -0.34314934779395984 -0.040099306439935326 -0.04292063276426851 -0.2143501065324898 -0.05367326699361283 0.13934624005800988 -0.0569774216482687 0.20078996898617418 -0.3593733682607108 -0.060316153391498976 -0.01603761857307684 -0.1258084717781361 -0.06182031602950101 0.18163141998542065 0.3119755506536734 -0.09575936328285978 -0.04642335287930914 0.04514774627972698 0.002755581963449707 0.038662514943664 0.2989582747894803 0.06362343530002469 0.26592400015071965 0.19842949567941146 0.12171023354260888 -0.12473405536925432 -0.2670596618808513 0.13881437335562885
0.16903085094570378 -0.2145235874364596 -0.12000824425814485 0.01768371330062835 0.08828128266622536 0.22221071734253317 -0.19691892716478546 -0.07770071811641643 -0.058588974887314516 0.14355954435865992 0.26116303534030905 0.28029295520540354 0.18158938490976054 0.01347966906323747 0.03532527520308394 0.30059371740894925 0.15117093926095515 -0.06296555774880977 0.07734535629397139 -0.2681588548802815 -0.04235924843770578 -0.17428222202473112 -0.09505860971625761 -0.32816146765010945 -0.23196461892775086 -0.06006000993506422 -0.15777473735758488 -0.006540926595124147 0.14036976965533554 -0.11652322766223258 0.19870779426196397 0.21232645749818224 -0.0017886880106882316 -0.18637246548104489 0.15682553912391176
0.16903085094570314 -0.11292344683464195 -0.11491150769443131 0.1689484796012546 -0.12148123013930051 0.11827541859819621 -0.17348597456760492 -0.23594934744649887 -0.08932913636586538 -0.13929209879343535 0.07676281064980817 0.09476267250077586 0.031922122199758894 -0.006973490499670457 0.26249596376573786 -0.10682326103055889 -0.0026787868410494825 0.22126386359522532 -0.037496873726319394 -0.014638476117058492 -0.20623608568619692 -0.002246915695801946 -0.15986236413382438 -0.06073458689668859 -0.02602786094407325 -0.07538258101573603 0.2190211515323096 -0.3200169501507236 -0.14566529767989633 -0.12155457903241042 -0.3496489409900907 -0.007647411337787943 -0.07563553047173767 0.044699125772199366 -0.48336332220196365
0.1690308509457035 -0.12810317827796885 -0.20567079517773149 -0.12317565780229955 -0.08624834042342583 0.20802579377734476 -0.026700327757537216 0.05850052025419982 -0.2395499350069771 -0.03357991410430569 0.17682566264600222 -0.02940138359749929 -0.07120400815080953 -0.017519547076748878 0.09901362748385378 0.1082120357425043 0.14435964538112156 -0.11572088332894026 -0.1485355065808919 0.08889628882827898 -0.3539781242587211 0.0366164818106611 -0.24494199246046638 0.36159002280169367 0.11049038568908123 0.41549618320657594 -0.09711945084743451 0.24419534402488516 -0.14921198671326452 0.1634293673901957 0.046229309083530484 -0.08830338783060232 0.10794111662582903 0.11236212964625217 0.0805468388768123
0.16903085094570425 -0.23436078011268963 0.06827809351285297 0.04653284755524563 0.1909272890226058 -0.1290408563719699 0.08397131549479271 -0.06733060979295409 0.12409316831269696 -0.03996583533408529 -0.024172515616813023 -0.17226344378959257 0.0009009030134843679 0.26576035210808746 -0.07979079192450511 0.13550891896999873 -0.021198086567555154 0.049774945674032636 0.13154835929672243 0.15288391577575172 -0.046414862212643584 0.008799440364012694 0.1905200824585539 0.26971173291180617 -0.04865191968451317 0.26752845413560156 0.2540398897941276 -0.06685971111565853 -0.21148989915747016 -0.21388160944942 0.0750163894310538 0.4327872097436236 -0.03424531911525533 -0.3462732980529901 -0.00806925199655101
0.1690308509457038 -0.2018352607469454 -0.023403704227010796 0.14500503188767164 0.07424204283866925 0.05221355172404138 -0.05541485277603095 -0.2840078700094387 0.06080699056301961 0.08873356257019753 0.03854737626373789 -0.00890927836050881 0.1845044594175279 0.3130912169985213 -0.04953149121322925 0.05322385371620969 -0.10374430180105745 0.013157959381056877 0.27619239471067425 -0.02637521378895938 0.13179703670668247 0.04047313830317063 0.04420588318392962 0.20520986882443082 0.3221760623929471 -0.026866596257808732 -0.07885270910052777 -0.1819335942229528 0.06921645568098699 -0.1276851165794471 0.1859217697916932 -0.3964068130309887 -0.11404279916652976 0.35315683351449123 0.14597003208329293
0.1690308509457042 -0.265243944666806 -0.047014983723388026 0.0035001966098801296 0.25816734503907507 0.0963661792382774 -0.12590801774776342 0.058638272801752406 0.20494779270820274 0.13870904387307062 -0.011779076001356276 0.13032069350686343 -0.0492675362776347 0.02796030015435359 -0.14958625683506782 -0.027425139954171562 -0.17651768638642287 -0.01924069981364379 0.18192867143749897 -0.10539321207091608 0.046475821623471414 -0.1158255516863575 0.24170455530605972 -0.04921473377238599 -0.05058290411438467 -0.01758218313080164 0.11848284161990505 0.3833661939377507 -0.10346901598056944 0.43584294383316696 -0.3551094016891646 -0.10010671007900221 0.12346917832388973 0.062311764259055935 -0.16424081315425043
0.16903085094570397 -0.12517580691906535 0.2914270626528761 -0.1821511024021799 -0.09941277065494053 -0.3192045479794469 -0.07068068085682006 0.052714926627781766 -0.372602579409584 -0.1627090423206904 0.11791381639697705 0.3542506433643325 0.25043204780724576 -0.19425299423009687 -0.14253564850100997 -0.22010907125512538 -0.33463866842475226 -0.20416964901108817 0.1278550851282945 0.058162710384171375 0.022758927633455578 -0.11355906404576192 -0.03926865160871523 0.11324396495242087 0.10448964833793709 -0.030864283479777016 -0.09117742791792671 -0.032169796519831706 -0.08413365508245477 -0.043519428535401056 -0.027931539032593627 0.0821063569466764 0.03102953064876962 -0.06550533433137573 0.006174771779080433
0.169030850945704 -0.2393525764489735 0.1570288446787711 -0.06540699280268134 0.20789968605618178 -0.3353093102044489 0.12015934194692501 0.14546723143648008 -0.024599985938217828 -0.4139155649146501 -0.06726824109855284 -0.11885366285314714 0.08472165686963311 0.005743985488851843 0.4425259546518623 0.20543347856225855 0.38299948414201773 -0.00386374216719354 -0.02421335517033947 -0.1354159867602584 0.15822239559479157 0.008242306525511563 0.03641549416338517 -0.05405098346294901 0.08090277096791397 -0.09956460805959258 -0.09969962715294997 0.05393820730642784 0.052214453102640335 0.08867264118028984 -0.08190180939632428 -0.0909275774947671 0.06218099465835045 0.061440536828211656 -0.025151927743738717
0.1690308509457043 -0.1379090274495482 0.19676743902355262 -0.006111204523465199 -0.014516490089401979 -0.2200621003842152 0.20127993851156373 -0.07629031319788518 -0.14176004784049484 0.015368659093188186 0.19078309693858678 -0.08415814564744759 -0.011459842699176328 -0.009339686764824096 -0.2245162478382642 0.10321288431937332 -0.041156666922647175 0.12221954498252255 -0.20045275094772244 0.1202639919269995 -0.17158976674327986 0.11830346232608402 -0.009214266460521814 -0.2593847335852084 -0.3983000067825408 0.0458166706166627 0.34120875111004495 0.0634297917111688 0.0582151227066022 0.11500833241597247 0.16344747330394868 -0.23325933375340116 -0.2835591194466638 0.22179820763402922 0.05459725702029063
0.16903085094570375 -0.1320700645440603 0.08758908687437483 0.17129436178372826 -0.029828122189077155 -0.08365073826941495 0.22208823844230602 -0.2575406861992082 -0.018539289375073098 0.16368892823150524 0.010368345378048871 -0.23515754901171462 -0.015042304296451314 0.14163290856147853 -0.2641480540388731 0.04329172048061758 0.031912660189450034 -0.13249050247180094 -0.20928018270903212 0.2621304595470427 -0.01215380727732103 -0.051547480028623506 -0.20208579386438896 -0.05363634596187398 -0.032218364015041336 -0.17532915099156882 -0.40014530125335335 -0.04124904895610862 0.16223784557922405 0.01948972955946801 -0.2581223674545562 0.08173404159734374 0.36552277077996825 -0.0443709452391694 -0.11032951416843376
0.16903085094570236 0.12810260483858343 -0.2056715568475457 -0.12317601716597373 -0.08625283721099436 -0.20802300332865997 -0.026697732842312714 -0.05850116149504028 0.2395523811471333 -0.03355591066978606 0.17682181976507869 0.029402197362485505 -0.07119647103121604 -0.01752027806375764 -0.0990079659089216 -0.10820644176527022 0.1443597089329065 -0.11571425050376567 0.1485406905301116 0.08886615270633064 0.3539726798612793 0.036635003147538134 -0.24489807416708784 -0.3615932140906716 0.11050128270349936 0.4154772506040728 0.09728825642903544 -0.24423389922627387 -0.14917510592332228 0.16343712427447887 -0.04622964533423822 0.08826799230162188 0.10797951410892914 0.11235846668799335 0.08055463894263341
0.16903085094570297 0.22194974881852125 -0.15029412141976817 -0.12721929397880516 0.12937900884634737 -0.23903384420090731 -0.08064415552988788 -0.2055321294118736 0.0994318133228351 0.1856459682090472 0.039322994583411305 -0.04290396436028353 0.04887862756037806 -0.30381553247633103 0.10673884107277817 -0.006942488231198026 0.16978668607539082 -0.07682907704794663 0.3425452120274223 0.2792797018675436 -0.39412579624455046 0.2670003359010973 0.20604622445739246 -0.10801526040340532 0.08300064778629639 -0.15797945877857544 -0.11947917979857975 0.17120828639380928 0.0002626520079250169 -0.12303002303756494 0.014182270399885857 0.008234316379974932 -0.05504372074848597 0.0009864514796433521 -0.04708094813215949
0.1690308509457032 0.0931694410923935 -0.26029170273480956 -0.3145741424400616 -0.1284459201646105 -0.18704702339513013 0.2591989292332966 -0.18029092833003407 0.32120010851036923 0.06961527296902112 -0.2602854623479468 0.3976303649353691 0.22368116601731342 0.012560897756041835 0.02732539689365448 0.14676139449405767 -0.0569749055545491 0.2460938377730416 -0.3202363489652558 -0.014009404641131637 -0.013567886843505378 -0.17485815796475457 -0.006839383806876383 0.1886524094022688 -0.014209678425434524 -0.02009911076518404 0.0008815462563270537 0.03318104055409894 0.04546625656852923 0.01454538095169583 0.010049417324166955 -0.02692365592486329 -0.012792866517735917 -0.023387619526278828 0.0063157576381371455
0.1690308509457031 0.26524346959153844 -0.047015072234369945 0.0035009599836995156 0.25816715083740915 -0.09637098789762098 -0.12590856161623268 -0.058638041747631084 -0.20496012235300107 0.13868967745567 -0.011781496095542493 -0.130313289533262 -0.04928090646597946 0.027965073006174828 0.14958402398198165 0.02741828369859084 -0.1765240786433318 -0.019249153869411895 -0.18193627324223463 -0.10538042039129777 -0.046479561152233034 -0.11582967094069632 0.241714335947966 0.04924565021242275 -0.05059391419723147 -0.01753969335776255 -0.11848100380306553 -0.3833780444817015 -0.10339375830485804 0.4358719222054993 0.3550836378968305 0.1000455351828195 0.12347551142401346 0.06230795854212176 -0.16424298328013723
0.16903085094570325 0.23436057149351322 0.06827827688886605 0.046532456120398705 0.19093058080716388 0.12903708915938028 0.0839709291250016 0.06733064146473414 -0.12408859995126353 -0.03997875825473393 -0.02416800824718452 0.17226843726706478 0.000915857718389917 0.26575857561917215 0.07979301439934597 -0.13551339126247045 -0.02119288794262928 0.049770959179480045 -0.13153642417143177 0.15289405010090829 0.04642094077217422 0.008804761824762381 0.19056757385099896 -0.2696684182626353 -0.048674212189106975 0.26766881975797646 -0.25390181224777614 0.06682387429571428 -0.21150449032212615 -0.21390800813673186 -0.0749977622461562 -0.43277764612624275 -0.034400943877818675 -0.3462497827817415 -0.008065576692977111
0.16903085094570214 0.2145226820614345 -0.1200089608536874 0.017685069310168194 0.08827666625096571 -0.2222116416176476 -0.1969196557410849 0.07770241977512005 0.05857877097305951 0.14356460535417248 0.2611576444171403 -0.2803157678278924 0.18157062635774757 0.01348344246957403 -0.03532136330224658 -0.3005869560454725 0.15117619424833764 -0.06297489384228501 -0.07736314997006133 -0.2681578973734129 0.04236181524579239 -0.17428536852585633 -0.09511289036205653 0.3281387945659751 -0.23194935334742073 -0.06015393736280618 0.1577643877664518 0.006573453196427284 0.14036118000223674 -0.11654487542329087 -0.19869002964340016 -0.21233101702009374 -0.0018523716206823946 -0.18636618404675748 0.15683290540953315
0.16903085094570441 0.23935221117932726 0.1570297557448382 -0.06540874806590372 0.20790524213735517 0.33530465458600567 0.12016065295811093 -0.14546786388402985 0.024639692262640477 -0.41390976217151154 -0.06726028612966697 0.11884423005819508 0.08473770087321031 0.005746145216297034 -0.44252163206647793 -0.20542257696604294 0.38301517986325406 -0.003863527980244079 0.02420312287090283 -0.13540771383844397 -0.15822822729610864 0.008233913209281048 0.0364048697579325 0.054048691378731424 0.08091024048222382 -0.09961777578263693 0.0996487177443508 -0.05392898118326599 0.052225734201088884 0.08868432629194352 0.08189863974964234 0.0909027470413404 0.062206750329254164 0.06143732810713226 -0.025152758433352046
0.16903085094570225 0.20183473814907596 -0.023404423907181032 0.14500605895773858 0.07424102895067088 -0.05221490364193904 -0.055417406884074046 0.2840088333933524 -0.060813324804338445 0.08872538921051393 0.03854781302661866 0.008897651691263747 0.18450379040159365 0.3130900302581287 0.049533799061466724 -0.0532229602852545 -0.1037440796495126 0.013148041951041974 -0.2761878767889938 -0.026348073345615355 -0.13180767492209056 0.040473901187043235 0.044229617590323234 -0.2052038750951435 0.32218084307357775 -0.026892075699625158 0.07881042162116514 0.18194262953546594 0.06918759588811013 -0.12768611732350502 -0.18593182756171456 0.3964735455538514 -0.11387621549883406 0.3531374885021129 0.1459705278053215
0.16903085094570353 0.2852645535265501 0.00010325807819425159 -0.04104095598340196 0.34142065615216965 0.0249219913030026 -0.061562151380573735 -0.24010191366022687 -0.3091045764340398 -0.02681255534542014 -0.22523928370188034 -0.0007281526860768439 -0.30046770000902967 -0.14751113658237272 -0.008198406640646028 0.33265845764667623 -0.1930809616822713 0.047772025190248424 0.08509870157164394 -0.03293312430998535 0.2549975307574975 -0.016969000384208458 -0.3175641576181555 0.07276166418036845 -0.005235143946436781 0.007517139573960219 0.1497595837555255 0.1546728212568109 0.09309221610636192 -0.15610956724887667 -0.171219648296783 0.029033626799250332 -0.050638556944880106 0.03328741257870541 0.08560500092587164
0.16903085094570242 0.13207005861005958 0.08758836448496912 0.17129524036690202 -0.0298264128393234 0.08365073434748921 0.22208654038281014 0.2575437928663781 0.018523691302035725 0.1636887894788294 0.010369304488829514 0.2351620455596033 -0.01502175153630891 0.14162527907782171 0.2641507438943186 -0.04328826602074108 0.03191230034318707 -0.13248467588343202 0.20930137565359203 0.26211510544069005 0.012172757122100863 -0.051552489174142305 -0.20211068656546416 0.05359574947338805 -0.032180362274611074 -0.17551584147008045 0.4000663948896871 0.04127484378855355 0.16222616816237576 0.019509822488666555 0.25815153552201636 -0.08187992791153643 0.3654624219465991 -0.04435893591882535 -0.11033181332855574
0.16903085094570336 0.13790926412621451 0.19676790022898777 -0.006112578735710389 -0.014511969667159383 0.22006224770122548 0.20128038984199442 0.07629092661870426 0.1417593191499355 0.015380608504806978 0.190783108178535 0.08415258917960003 -0.011451150910466744 -0.009346657291889797 0.2245185941424116 -0.103215828114955 -0.04115871916453148 0.12222806027638383 0.20045553008505676 0.12023892796437007 0.17159935231888987 0.11830963330393549 -0.009238188919387186 0.25939248488051203 -0.39832888801233035 0.045956271230736034 -0.3411559919965863 -0.063417237200527 0.05823191959710034 0.1150029003178068 -0.1634805668335704 0.23337450841100882 -0.28344838101790315 0.2217793030156653 0.054595750306217994
0.16903085094570422 0.12517681819920978 0.2914270035779377 -0.18215213639991096 -0.09940550656677495 0.31920611969646295 -0.07067764121344866 -0.05271576771737746 0.3726164752173902 -0.16267336611671715 0.11790118696310663 -0.3542727113922205 0.250397170805971 -0.19424903659262457 0.14252907769118572 0.2201093385115826 -0.334651664768624 -0.2041743639000494 -0.12784531583531755 0.05817180361220701 -0.02275416670174201 -0.11355836730843645 -0.0392557812615857 -0.11325412553478738 0.10449863981472865 -0.030897484370452935 0.09115150228141977 0.03215551250099799 -0.08414074540112071 -0.043521129459556954 0.027938651299245998 -0.08211980235757935 0.030995110650304976 -0.06550032372077377 0.006175087540710944
0.16903085094570117 0.11292368849408319 -0.11491197993614213 0.16894823712516435 -0.12148270546374063 -0.11827150029193623 -0.1734866789821682 0.23594602891005056 0.08934179342418565 -0.13928351887957932 0.07676259185151785 -0.09477057021319962 0.03191240883400832 -0.0069698756673960685 -0.2624934781060066 0.10681952368850145 -0.002678875016382223 0.2212638228959793 0.03748850067884293 -0.014650849895038775 0.20623363789450133 -0.0022333839471280798 -0.15986507562300797 0.0607041223375766 -0.026036058534627118 -0.0752736463361526 -0.21905674989382545 0.319978633584338 -0.1457152682273588 -0.12153455711310371 0.3496414710549953 0.007680481539423445 -0.07566149429144647 0.04470884122128614 -0.4833866715441241